00000000
00000064
00000128
00000192
00000256
00000320
00000384
00000448
00000512
00000576
00000640
00000704
00000768
00000832
00000896
00000960
00001024
00640000
00640064
00640128
00640192
00640256
00640320
00640384
00640448
00640512
00640576
00640640
00640704
00640768
00640832
00640896
00640960
00641024
01280000
01280064
01280128
01280192
01280256
01280320
01280384
01280448
01280512
01280576
01280640
01280704
01280768
01280832
01280896
01280960
01281024
01920000
01920064
01920128
01920192
01920256
01920320
01920384
01920448
01920512
01920576
01920640
01920704
01920768
01920832
01920896
01920960
01921024
02560000
02560064
02560128
02560192
02560256
02560320
02560384
02560448
02560512
02560576
02560640
02560704
02560768
02560832
02560896
02560960
02561024
03200000
03200064
03200128
03200192
03200256
03200320
03200384
03200448
03200512
03200576
03200640
03200704
03200768
03200832
03200896
03200960
03201024
03840000
03840064
03840128
03840192
03840256
03840320
03840384
03840448
03840512
03840576
03840640
03840704
03840768
03840832
03840896
03840960
03841024
04480000
04480064
04480128
04480192
04480256
04480320
04480384
04480448
04480512
04480576
04480640
04480704
04480768
04480832
04480896
04480960
04481024
05120000
05120064
05120128
05120192
05120256
05120320
05120384
05120448
05120512
05120576
05120640
05120704
05120768
05120832
05120896
05120960
05121024
05760000
05760064
05760128
05760192
05760256
05760320
05760384
05760448
05760512
05760576
05760640
05760704
05760768
05760832
05760896
05760960
05761024
06400000
06400064
06400128
06400192
06400256
06400320
06400384
06400448
06400512
06400576
06400640
06400704
06400768
06400832
06400896
06400960
06401024
07040000
07040064
07040128
07040192
07040256
07040320
07040384
07040448
07040512
07040576
07040640
07040704
07040768
07040832
07040896
07040960
07041024
07680000
07680064
07680128
07680192
07680256
07680320
07680384
07680448
07680512
07680576
07680640
07680704
07680768
07680832
07680896
07680960
07681024
08320000
08320064
08320128
08320192
08320256
08320320
08320384
08320448
08320512
08320576
08320640
08320704
08320768
08320832
08320896
08320960
08321024
08960000
08960064
08960128
08960192
08960256
08960320
08960384
08960448
08960512
08960576
08960640
08960704
08960768
08960832
08960896
08960960
08961024
09600000
09600064
09600128
09600192
09600256
09600320
09600384
09600448
09600512
09600576
09600640
09600704
09600768
09600832
09600896
09600960
09601024
10240000
10240064
10240128
10240192
10240256
10240320
10240384
10240448
10240512
10240576
10240640
10240704
10240768
10240832
10240896
10240960
10241024
