00000000
00000032
00000064
00000096
00000128
00000160
00000192
00000224
00000256
00000288
00000320
00000352
00000384
00000416
00000448
00000480
00000512
00000544
00000576
00000608
00000640
00000672
00000704
00000736
00000768
00000800
00000832
00000864
00000896
00000928
00000960
00000992
00001024
00320000
00320032
00320064
00320096
00320128
00320160
00320192
00320224
00320256
00320288
00320320
00320352
00320384
00320416
00320448
00320480
00320512
00320544
00320576
00320608
00320640
00320672
00320704
00320736
00320768
00320800
00320832
00320864
00320896
00320928
00320960
00320992
00321024
00640000
00640032
00640064
00640096
00640128
00640160
00640192
00640224
00640256
00640288
00640320
00640352
00640384
00640416
00640448
00640480
00640512
00640544
00640576
00640608
00640640
00640672
00640704
00640736
00640768
00640800
00640832
00640864
00640896
00640928
00640960
00640992
00641024
00960000
00960032
00960064
00960096
00960128
00960160
00960192
00960224
00960256
00960288
00960320
00960352
00960384
00960416
00960448
00960480
00960512
00960544
00960576
00960608
00960640
00960672
00960704
00960736
00960768
00960800
00960832
00960864
00960896
00960928
00960960
00960992
00961024
01280000
01280032
01280064
01280096
01280128
01280160
01280192
01280224
01280256
01280288
01280320
01280352
01280384
01280416
01280448
01280480
01280512
01280544
01280576
01280608
01280640
01280672
01280704
01280736
01280768
01280800
01280832
01280864
01280896
01280928
01280960
01280992
01281024
01600000
01600032
01600064
01600096
01600128
01600160
01600192
01600224
01600256
01600288
01600320
01600352
01600384
01600416
01600448
01600480
01600512
01600544
01600576
01600608
01600640
01600672
01600704
01600736
01600768
01600800
01600832
01600864
01600896
01600928
01600960
01600992
01601024
01920000
01920032
01920064
01920096
01920128
01920160
01920192
01920224
01920256
01920288
01920320
01920352
01920384
01920416
01920448
01920480
01920512
01920544
01920576
01920608
01920640
01920672
01920704
01920736
01920768
01920800
01920832
01920864
01920896
01920928
01920960
01920992
01921024
02240000
02240032
02240064
02240096
02240128
02240160
02240192
02240224
02240256
02240288
02240320
02240352
02240384
02240416
02240448
02240480
02240512
02240544
02240576
02240608
02240640
02240672
02240704
02240736
02240768
02240800
02240832
02240864
02240896
02240928
02240960
02240992
02241024
02560000
02560032
02560064
02560096
02560128
02560160
02560192
02560224
02560256
02560288
02560320
02560352
02560384
02560416
02560448
02560480
02560512
02560544
02560576
02560608
02560640
02560672
02560704
02560736
02560768
02560800
02560832
02560864
02560896
02560928
02560960
02560992
02561024
02880000
02880032
02880064
02880096
02880128
02880160
02880192
02880224
02880256
02880288
02880320
02880352
02880384
02880416
02880448
02880480
02880512
02880544
02880576
02880608
02880640
02880672
02880704
02880736
02880768
02880800
02880832
02880864
02880896
02880928
02880960
02880992
02881024
03200000
03200032
03200064
03200096
03200128
03200160
03200192
03200224
03200256
03200288
03200320
03200352
03200384
03200416
03200448
03200480
03200512
03200544
03200576
03200608
03200640
03200672
03200704
03200736
03200768
03200800
03200832
03200864
03200896
03200928
03200960
03200992
03201024
03520000
03520032
03520064
03520096
03520128
03520160
03520192
03520224
03520256
03520288
03520320
03520352
03520384
03520416
03520448
03520480
03520512
03520544
03520576
03520608
03520640
03520672
03520704
03520736
03520768
03520800
03520832
03520864
03520896
03520928
03520960
03520992
03521024
03840000
03840032
03840064
03840096
03840128
03840160
03840192
03840224
03840256
03840288
03840320
03840352
03840384
03840416
03840448
03840480
03840512
03840544
03840576
03840608
03840640
03840672
03840704
03840736
03840768
03840800
03840832
03840864
03840896
03840928
03840960
03840992
03841024
04160000
04160032
04160064
04160096
04160128
04160160
04160192
04160224
04160256
04160288
04160320
04160352
04160384
04160416
04160448
04160480
04160512
04160544
04160576
04160608
04160640
04160672
04160704
04160736
04160768
04160800
04160832
04160864
04160896
04160928
04160960
04160992
04161024
04480000
04480032
04480064
04480096
04480128
04480160
04480192
04480224
04480256
04480288
04480320
04480352
04480384
04480416
04480448
04480480
04480512
04480544
04480576
04480608
04480640
04480672
04480704
04480736
04480768
04480800
04480832
04480864
04480896
04480928
04480960
04480992
04481024
04800000
04800032
04800064
04800096
04800128
04800160
04800192
04800224
04800256
04800288
04800320
04800352
04800384
04800416
04800448
04800480
04800512
04800544
04800576
04800608
04800640
04800672
04800704
04800736
04800768
04800800
04800832
04800864
04800896
04800928
04800960
04800992
04801024
05120000
05120032
05120064
05120096
05120128
05120160
05120192
05120224
05120256
05120288
05120320
05120352
05120384
05120416
05120448
05120480
05120512
05120544
05120576
05120608
05120640
05120672
05120704
05120736
05120768
05120800
05120832
05120864
05120896
05120928
05120960
05120992
05121024
05440000
05440032
05440064
05440096
05440128
05440160
05440192
05440224
05440256
05440288
05440320
05440352
05440384
05440416
05440448
05440480
05440512
05440544
05440576
05440608
05440640
05440672
05440704
05440736
05440768
05440800
05440832
05440864
05440896
05440928
05440960
05440992
05441024
05760000
05760032
05760064
05760096
05760128
05760160
05760192
05760224
05760256
05760288
05760320
05760352
05760384
05760416
05760448
05760480
05760512
05760544
05760576
05760608
05760640
05760672
05760704
05760736
05760768
05760800
05760832
05760864
05760896
05760928
05760960
05760992
05761024
06080000
06080032
06080064
06080096
06080128
06080160
06080192
06080224
06080256
06080288
06080320
06080352
06080384
06080416
06080448
06080480
06080512
06080544
06080576
06080608
06080640
06080672
06080704
06080736
06080768
06080800
06080832
06080864
06080896
06080928
06080960
06080992
06081024
06400000
06400032
06400064
06400096
06400128
06400160
06400192
06400224
06400256
06400288
06400320
06400352
06400384
06400416
06400448
06400480
06400512
06400544
06400576
06400608
06400640
06400672
06400704
06400736
06400768
06400800
06400832
06400864
06400896
06400928
06400960
06400992
06401024
06720000
06720032
06720064
06720096
06720128
06720160
06720192
06720224
06720256
06720288
06720320
06720352
06720384
06720416
06720448
06720480
06720512
06720544
06720576
06720608
06720640
06720672
06720704
06720736
06720768
06720800
06720832
06720864
06720896
06720928
06720960
06720992
06721024
07040000
07040032
07040064
07040096
07040128
07040160
07040192
07040224
07040256
07040288
07040320
07040352
07040384
07040416
07040448
07040480
07040512
07040544
07040576
07040608
07040640
07040672
07040704
07040736
07040768
07040800
07040832
07040864
07040896
07040928
07040960
07040992
07041024
07360000
07360032
07360064
07360096
07360128
07360160
07360192
07360224
07360256
07360288
07360320
07360352
07360384
07360416
07360448
07360480
07360512
07360544
07360576
07360608
07360640
07360672
07360704
07360736
07360768
07360800
07360832
07360864
07360896
07360928
07360960
07360992
07361024
07680000
07680032
07680064
07680096
07680128
07680160
07680192
07680224
07680256
07680288
07680320
07680352
07680384
07680416
07680448
07680480
07680512
07680544
07680576
07680608
07680640
07680672
07680704
07680736
07680768
07680800
07680832
07680864
07680896
07680928
07680960
07680992
07681024
08000000
08000032
08000064
08000096
08000128
08000160
08000192
08000224
08000256
08000288
08000320
08000352
08000384
08000416
08000448
08000480
08000512
08000544
08000576
08000608
08000640
08000672
08000704
08000736
08000768
08000800
08000832
08000864
08000896
08000928
08000960
08000992
08001024
08320000
08320032
08320064
08320096
08320128
08320160
08320192
08320224
08320256
08320288
08320320
08320352
08320384
08320416
08320448
08320480
08320512
08320544
08320576
08320608
08320640
08320672
08320704
08320736
08320768
08320800
08320832
08320864
08320896
08320928
08320960
08320992
08321024
08640000
08640032
08640064
08640096
08640128
08640160
08640192
08640224
08640256
08640288
08640320
08640352
08640384
08640416
08640448
08640480
08640512
08640544
08640576
08640608
08640640
08640672
08640704
08640736
08640768
08640800
08640832
08640864
08640896
08640928
08640960
08640992
08641024
08960000
08960032
08960064
08960096
08960128
08960160
08960192
08960224
08960256
08960288
08960320
08960352
08960384
08960416
08960448
08960480
08960512
08960544
08960576
08960608
08960640
08960672
08960704
08960736
08960768
08960800
08960832
08960864
08960896
08960928
08960960
08960992
08961024
09280000
09280032
09280064
09280096
09280128
09280160
09280192
09280224
09280256
09280288
09280320
09280352
09280384
09280416
09280448
09280480
09280512
09280544
09280576
09280608
09280640
09280672
09280704
09280736
09280768
09280800
09280832
09280864
09280896
09280928
09280960
09280992
09281024
09600000
09600032
09600064
09600096
09600128
09600160
09600192
09600224
09600256
09600288
09600320
09600352
09600384
09600416
09600448
09600480
09600512
09600544
09600576
09600608
09600640
09600672
09600704
09600736
09600768
09600800
09600832
09600864
09600896
09600928
09600960
09600992
09601024
09920000
09920032
09920064
09920096
09920128
09920160
09920192
09920224
09920256
09920288
09920320
09920352
09920384
09920416
09920448
09920480
09920512
09920544
09920576
09920608
09920640
09920672
09920704
09920736
09920768
09920800
09920832
09920864
09920896
09920928
09920960
09920992
09921024
10240000
10240032
10240064
10240096
10240128
10240160
10240192
10240224
10240256
10240288
10240320
10240352
10240384
10240416
10240448
10240480
10240512
10240544
10240576
10240608
10240640
10240672
10240704
10240736
10240768
10240800
10240832
10240864
10240896
10240928
10240960
10240992
10241024
