00000000
00000128
00000256
00000384
00000512
00000640
00000768
00000896
00001024
01280000
01280128
01280256
01280384
01280512
01280640
01280768
01280896
01281024
02560000
02560128
02560256
02560384
02560512
02560640
02560768
02560896
02561024
03840000
03840128
03840256
03840384
03840512
03840640
03840768
03840896
03841024
05120000
05120128
05120256
05120384
05120512
05120640
05120768
05120896
05121024
06400000
06400128
06400256
06400384
06400512
06400640
06400768
06400896
06401024
07680000
07680128
07680256
07680384
07680512
07680640
07680768
07680896
07681024
08960000
08960128
08960256
08960384
08960512
08960640
08960768
08960896
08961024
10240000
10240128
10240256
10240384
10240512
10240640
10240768
10240896
10241024
