08320320
00640448
09600896
00640384
03200704
03200384
04480640
08320896
03840064
10240000
08320576
10240896
05760832
02560384
10240320
07680576
03200128
02560576
07040256
05120768
05121024
10240640
06400640
00640640
01920576
10240384
00640576
00640704
08960896
08320000
01920256
00640512
01280064
02560768
05120640
04480448
07040192
08320256
01921024
04480512
06400320
01280192
01920512
04480896
05120256
07680640
06400896
07680192
03840448
06400768
08960640
04480192
07681024
07680256
01280256
03840640
10240256
02560000
05760576
00000000
00000320
09600256
06400960
08960512
02560704
07680064
10240064
05760448
00000576
04480384
00640960
02560192
02560256
03840320
08960384
00000128
03200512
01280000
05760960
00000192
03840256
07040128
00000832
07680704
01920000
05760320
02560896
08320384
07040384
00000640
08320128
01280576
10240128
09600192
08960256
06400000
05120832
08321024
03200768
08320192
00640832
07680320
04480256
08320768
01280896
10240832
05760768
05760896
03840768
07680768
00640192
08320832
09600384
07040832
04480320
10240192
06401024
08960704
01920064
10240704
08320640
05120384
07040960
07040448
00640064
07040704
05120896
09600128
05120576
08320512
04480576
02561024
03200576
00000768
07680512
10240512
02560128
05760000
01920320
04481024
05761024
04480064
06400192
07040640
01920768
02560448
02560960
03200448
06400512
02560320
01280128
10240960
01280768
00000064
00000960
03841024
03200256
08960768
00640128
05120320
03200640
00000512
01280448
09600512
04480832
05760064
04480960
03840832
07680384
08960000
07040320
04480704
06400384
10240448
09600832
03840896
08320704
07680448
09600576
01280512
03840704
08960832
10240576
08960448
00640320
07680128
01280384
03200000
03840128
05760384
01280704
02560064
07041024
04480000
08320448
07040768
08961024
01280960
00000256
07040896
01280832
07680960
06400128
01920448
03840192
06400256
01920704
09600960
03201024
01920896
01280320
09601024
03840000
01920384
10240768
08960320
08960064
06400704
00640896
02560640
05120128
05760704
05120512
01281024
08960576
07040512
09600448
03200896
01280640
01920960
06400832
03840576
01920128
08960128
09600768
07680000
03840512
08320960
01920832
09600640
00000384
07040000
05120448
09600704
08320064
03840960
06400064
02560512
08960960
03200064
00641024
05120960
09600320
03200320
05760256
06400576
00000896
05120192
01920640
03200192
05760640
00640256
00000448
02560832
03200832
05760192
05120064
07680896
00640000
03200960
04480768
07040064
05120000
07040576
06400448
09600000
09600064
05120704
10241024
07680832
00001024
04480128
03840384
00000704
05760512
05760128
00640768
08960192
01920192
