00000768
01280384
08960640
06400896
01280256
03840384
07681024
07680512
01280768
07680000
06400128
07680640
02560384
00000128
10240512
05120128
01281024
00000512
10240768
10240640
10240384
05120512
07680128
05120768
05120000
03840128
08961024
10241024
02560512
02560896
07680256
10240128
08960896
01280896
00001024
03840768
01280512
00000896
01280128
03840896
01280640
02560000
02560640
02560128
06400000
05120256
02561024
07680384
03840256
08960384
03840000
00000640
00000384
03840640
03840512
03841024
08960512
08960768
05120896
05120640
10240000
05120384
06400384
10240256
00000000
07680768
08960000
10240896
08960256
06400640
07680896
05121024
06400512
01280000
02560768
08960128
06400256
00000256
02560256
06401024
06400768
