02000200
02000250
02000300
02000350
02000400
02000450
02000500
02000550
02000600
02000650
02000700
02000750
02000800
02500800
02500750
02500700
02500650
02500600
02500550
02500500
02500450
02500400
02500350
02500300
02500250
02500200
03000200
03000250
03000300
03000350
03000400
03000450
03000500
03000550
03000600
03000650
03000700
03000750
03000800
03500800
03500750
03500700
03500650
03500600
03500550
03500500
03500450
03500400
03500350
03500300
03500250
03500200
04000200
04000250
04000300
04000350
04000400
04000450
04000500
04000550
04000600
04000650
04000700
04000750
04000800
04500800
04500750
04500700
04500650
04500600
04500550
04500500
04500450
04500400
04500350
04500300
04500250
04500200
05000200
05000250
05000300
05000350
05000400
05000450
05000500
05000550
05000600
05000650
05000700
05000750
05000800
05500800
05500750
05500700
05500650
05500600
05500550
05500500
05500450
05500400
05500350
05500300
05500250
05500200
06000200
06000250
06000300
06000350
06000400
06000450
06000500
06000550
06000600
06000650
06000700
06000750
06000800
06500800
06500750
06500700
06500650
06500600
06500550
06500500
06500450
06500400
06500350
06500300
06500250
06500200
07000200
07000250
07000300
07000350
07000400
07000450
07000500
07000550
07000600
07000650
07000700
07000750
07000800
07500800
07500750
07500700
07500650
07500600
07500550
07500500
07500450
07500400
07500350
07500300
07500250
07500200
08000200
08000250
08000300
08000350
08000400
08000450
08000500
08000550
08000600
08000650
08000700
08000750
08000800
