07680832
05760448
05120192
08320896
03840896
03840448
05120320
07040384
08320256
05120576
06400256
03200768
05760192
03840256
02560256
06400768
08960768
01280640
07040128
03200896
08960832
04480512
01280448
07680576
08960896
03840768
01920256
08320704
06400384
01920448
03840576
03200384
06400192
04480576
01280320
03840320
04480384
08320768
08320192
08960192
06400576
03200256
05120640
01280768
05760704
01920576
03200832
01280192
05120256
07040512
08960128
05760832
04480704
07040576
05760576
06400640
04480320
08960640
01280256
08960448
01920192
05760256
07680192
05760768
04480768
07040704
07680768
07680448
08320640
07040896
01920128
03200192
07040448
07680384
05760320
02560704
04480128
06400320
07040320
03840704
05760384
08320448
08960704
02560448
05760128
02560384
02560576
04480256
08960384
01920768
04480448
03840832
07040768
06400704
03200704
01280704
06400832
01280832
05120896
03840192
04480896
02560896
08320512
03200128
07680256
08320576
07040640
03200640
07680704
01920320
05120832
03200448
01280512
03840128
02560128
04480832
01280896
08960512
05120384
07680128
01280384
05120704
02560768
01920640
02560512
07040192
06400448
01920384
04480192
01920704
02560192
06400128
08960320
05760512
03200512
07680896
05760896
08320128
07040832
01920832
05760640
04480640
01280128
07040256
05120768
03840384
05120128
03840640
01920512
08960576
02560320
03840512
03200320
06400512
08320832
06400896
02560640
08320384
01920896
05120448
07680512
08960256
02560832
07680640
07680320
05120512
01280576
08320320
03200576
