03000300
03000325
03000350
03000375
03000400
03000425
03000450
03000475
03000500
03000525
03000550
03000575
03000600
03000625
03000650
03000675
03000700
03250700
03250675
03250650
03250625
03250600
03250575
03250550
03250525
03250500
03250475
03250450
03250425
03250400
03250375
03250350
03250325
03250300
03500300
03500325
03500350
03500375
03500400
03500425
03500450
03500475
03500500
03500525
03500550
03500575
03500600
03500625
03500650
03500675
03500700
03750700
03750675
03750650
03750625
03750600
03750575
03750550
03750525
03750500
03750475
03750450
03750425
03750400
03750375
03750350
03750325
03750300
04000300
04000325
04000350
04000375
04000400
04000425
04000450
04000475
04000500
04000525
04000550
04000575
04000600
04000625
04000650
04000675
04000700
04250700
04250675
04250650
04250625
04250600
04250575
04250550
04250525
04250500
04250475
04250450
04250425
04250400
04250375
04250350
04250325
04250300
04500300
04500325
04500350
04500375
04500400
04500425
04500450
04500475
04500500
04500525
04500550
04500575
04500600
04500625
04500650
04500675
04500700
04750700
04750675
04750650
04750625
04750600
04750575
04750550
04750525
04750500
04750475
04750450
04750425
04750400
04750375
04750350
04750325
04750300
05000300
05000325
05000350
05000375
05000400
05000425
05000450
05000475
05000500
05000525
05000550
05000575
05000600
05000625
05000650
05000675
05000700
05250700
05250675
05250650
05250625
05250600
05250575
05250550
05250525
05250500
05250475
05250450
05250425
05250400
05250375
05250350
05250325
05250300
05500300
05500325
05500350
05500375
05500400
05500425
05500450
05500475
05500500
05500525
05500550
05500575
05500600
05500625
05500650
05500675
05500700
05750700
05750675
05750650
05750625
05750600
05750575
05750550
05750525
05750500
05750475
05750450
05750425
05750400
05750375
05750350
05750325
05750300
06000300
06000325
06000350
06000375
06000400
06000425
06000450
06000475
06000500
06000525
06000550
06000575
06000600
06000625
06000650
06000675
06000700
06250700
06250675
06250650
06250625
06250600
06250575
06250550
06250525
06250500
06250475
06250450
06250425
06250400
06250375
06250350
06250325
06250300
06500300
06500325
06500350
06500375
06500400
06500425
06500450
06500475
06500500
06500525
06500550
06500575
06500600
06500625
06500650
06500675
06500700
06750700
06750675
06750650
06750625
06750600
06750575
06750550
06750525
06750500
06750475
06750450
06750425
06750400
06750375
06750350
06750325
06750300
07000300
07000325
07000350
07000375
07000400
07000425
07000450
07000475
07000500
07000525
07000550
07000575
07000600
07000625
07000650
07000675
07000700
