01280128
01280192
01280256
01280320
01280384
01280448
01280512
01280576
01280640
01280704
01280768
01280832
01280896
01920896
01920832
01920768
01920704
01920640
01920576
01920512
01920448
01920384
01920320
01920256
01920192
01920128
02560128
02560192
02560256
02560320
02560384
02560448
02560512
02560576
02560640
02560704
02560768
02560832
02560896
03200896
03200832
03200768
03200704
03200640
03200576
03200512
03200448
03200384
03200320
03200256
03200192
03200128
03840128
03840192
03840256
03840320
03840384
03840448
03840512
03840576
03840640
03840704
03840768
03840832
03840896
04480896
04480832
04480768
04480704
04480640
04480576
04480512
04480448
04480384
04480320
04480256
04480192
04480128
05120128
05120192
05120256
05120320
05120384
05120448
05120512
05120576
05120640
05120704
05120768
05120832
05120896
05760896
05760832
05760768
05760704
05760640
05760576
05760512
05760448
05760384
05760320
05760256
05760192
05760128
06400128
06400192
06400256
06400320
06400384
06400448
06400512
06400576
06400640
06400704
06400768
06400832
06400896
07040896
07040832
07040768
07040704
07040640
07040576
07040512
07040448
07040384
07040320
07040256
07040192
07040128
07680128
07680192
07680256
07680320
07680384
07680448
07680512
07680576
07680640
07680704
07680768
07680832
07680896
08320896
08320832
08320768
08320704
08320640
08320576
08320512
08320448
08320384
08320320
08320256
08320192
08320128
08960128
08960192
08960256
08960320
08960384
08960448
08960512
08960576
08960640
08960704
08960768
08960832
08960896
