01280128
01280160
01280192
01280224
01280256
01280288
01280320
01280352
01280384
01280416
01280448
01280480
01280512
01280544
01280576
01280608
01280640
01280672
01280704
01280736
01280768
01280800
01280832
01280864
01280896
01600896
01600864
01600832
01600800
01600768
01600736
01600704
01600672
01600640
01600608
01600576
01600544
01600512
01600480
01600448
01600416
01600384
01600352
01600320
01600288
01600256
01600224
01600192
01600160
01600128
01920128
01920160
01920192
01920224
01920256
01920288
01920320
01920352
01920384
01920416
01920448
01920480
01920512
01920544
01920576
01920608
01920640
01920672
01920704
01920736
01920768
01920800
01920832
01920864
01920896
02240896
02240864
02240832
02240800
02240768
02240736
02240704
02240672
02240640
02240608
02240576
02240544
02240512
02240480
02240448
02240416
02240384
02240352
02240320
02240288
02240256
02240224
02240192
02240160
02240128
02560128
02560160
02560192
02560224
02560256
02560288
02560320
02560352
02560384
02560416
02560448
02560480
02560512
02560544
02560576
02560608
02560640
02560672
02560704
02560736
02560768
02560800
02560832
02560864
02560896
02880896
02880864
02880832
02880800
02880768
02880736
02880704
02880672
02880640
02880608
02880576
02880544
02880512
02880480
02880448
02880416
02880384
02880352
02880320
02880288
02880256
02880224
02880192
02880160
02880128
03200128
03200160
03200192
03200224
03200256
03200288
03200320
03200352
03200384
03200416
03200448
03200480
03200512
03200544
03200576
03200608
03200640
03200672
03200704
03200736
03200768
03200800
03200832
03200864
03200896
03520896
03520864
03520832
03520800
03520768
03520736
03520704
03520672
03520640
03520608
03520576
03520544
03520512
03520480
03520448
03520416
03520384
03520352
03520320
03520288
03520256
03520224
03520192
03520160
03520128
03840128
03840160
03840192
03840224
03840256
03840288
03840320
03840352
03840384
03840416
03840448
03840480
03840512
03840544
03840576
03840608
03840640
03840672
03840704
03840736
03840768
03840800
03840832
03840864
03840896
04160896
04160864
04160832
04160800
04160768
04160736
04160704
04160672
04160640
04160608
04160576
04160544
04160512
04160480
04160448
04160416
04160384
04160352
04160320
04160288
04160256
04160224
04160192
04160160
04160128
04480128
04480160
04480192
04480224
04480256
04480288
04480320
04480352
04480384
04480416
04480448
04480480
04480512
04480544
04480576
04480608
04480640
04480672
04480704
04480736
04480768
04480800
04480832
04480864
04480896
04800896
04800864
04800832
04800800
04800768
04800736
04800704
04800672
04800640
04800608
04800576
04800544
04800512
04800480
04800448
04800416
04800384
04800352
04800320
04800288
04800256
04800224
04800192
04800160
04800128
05120128
05120160
05120192
05120224
05120256
05120288
05120320
05120352
05120384
05120416
05120448
05120480
05120512
05120544
05120576
05120608
05120640
05120672
05120704
05120736
05120768
05120800
05120832
05120864
05120896
05440896
05440864
05440832
05440800
05440768
05440736
05440704
05440672
05440640
05440608
05440576
05440544
05440512
05440480
05440448
05440416
05440384
05440352
05440320
05440288
05440256
05440224
05440192
05440160
05440128
05760128
05760160
05760192
05760224
05760256
05760288
05760320
05760352
05760384
05760416
05760448
05760480
05760512
05760544
05760576
05760608
05760640
05760672
05760704
05760736
05760768
05760800
05760832
05760864
05760896
06080896
06080864
06080832
06080800
06080768
06080736
06080704
06080672
06080640
06080608
06080576
06080544
06080512
06080480
06080448
06080416
06080384
06080352
06080320
06080288
06080256
06080224
06080192
06080160
06080128
06400128
06400160
06400192
06400224
06400256
06400288
06400320
06400352
06400384
06400416
06400448
06400480
06400512
06400544
06400576
06400608
06400640
06400672
06400704
06400736
06400768
06400800
06400832
06400864
06400896
06720896
06720864
06720832
06720800
06720768
06720736
06720704
06720672
06720640
06720608
06720576
06720544
06720512
06720480
06720448
06720416
06720384
06720352
06720320
06720288
06720256
06720224
06720192
06720160
06720128
07040128
07040160
07040192
07040224
07040256
07040288
07040320
07040352
07040384
07040416
07040448
07040480
07040512
07040544
07040576
07040608
07040640
07040672
07040704
07040736
07040768
07040800
07040832
07040864
07040896
07360896
07360864
07360832
07360800
07360768
07360736
07360704
07360672
07360640
07360608
07360576
07360544
07360512
07360480
07360448
07360416
07360384
07360352
07360320
07360288
07360256
07360224
07360192
07360160
07360128
07680128
07680160
07680192
07680224
07680256
07680288
07680320
07680352
07680384
07680416
07680448
07680480
07680512
07680544
07680576
07680608
07680640
07680672
07680704
07680736
07680768
07680800
07680832
07680864
07680896
08000896
08000864
08000832
08000800
08000768
08000736
08000704
08000672
08000640
08000608
08000576
08000544
08000512
08000480
08000448
08000416
08000384
08000352
08000320
08000288
08000256
08000224
08000192
08000160
08000128
08320128
08320160
08320192
08320224
08320256
08320288
08320320
08320352
08320384
08320416
08320448
08320480
08320512
08320544
08320576
08320608
08320640
08320672
08320704
08320736
08320768
08320800
08320832
08320864
08320896
08640896
08640864
08640832
08640800
08640768
08640736
08640704
08640672
08640640
08640608
08640576
08640544
08640512
08640480
08640448
08640416
08640384
08640352
08640320
08640288
08640256
08640224
08640192
08640160
08640128
08960128
08960160
08960192
08960224
08960256
08960288
08960320
08960352
08960384
08960416
08960448
08960480
08960512
08960544
08960576
08960608
08960640
08960672
08960704
08960736
08960768
08960800
08960832
08960864
08960896
