00000000
00640000
01280000
01920000
02560000
03200000
03840000
04480000
05120000
05760000
06400000
07040000
07680000
08320000
08960000
09600000
10240000
00000064
00640064
01280064
01920064
02560064
03200064
03840064
04480064
05120064
05760064
06400064
07040064
07680064
08320064
08960064
09600064
10240064
00000128
00640128
01280128
01920128
02560128
03200128
03840128
04480128
05120128
05760128
06400128
07040128
07680128
08320128
08960128
09600128
10240128
00000192
00640192
01280192
01920192
02560192
03200192
03840192
04480192
05120192
05760192
06400192
07040192
07680192
08320192
08960192
09600192
10240192
00000256
00640256
01280256
01920256
02560256
03200256
03840256
04480256
05120256
05760256
06400256
07040256
07680256
08320256
08960256
09600256
10240256
00000320
00640320
01280320
01920320
02560320
03200320
03840320
04480320
05120320
05760320
06400320
07040320
07680320
08320320
08960320
09600320
10240320
00000384
00640384
01280384
01920384
02560384
03200384
03840384
04480384
05120384
05760384
06400384
07040384
07680384
08320384
08960384
09600384
10240384
00000448
00640448
01280448
01920448
02560448
03200448
03840448
04480448
05120448
05760448
06400448
07040448
07680448
08320448
08960448
09600448
10240448
00000512
00640512
01280512
01920512
02560512
03200512
03840512
04480512
05120512
05760512
06400512
07040512
07680512
08320512
08960512
09600512
10240512
00000576
00640576
01280576
01920576
02560576
03200576
03840576
04480576
05120576
05760576
06400576
07040576
07680576
08320576
08960576
09600576
10240576
00000640
00640640
01280640
01920640
02560640
03200640
03840640
04480640
05120640
05760640
06400640
07040640
07680640
08320640
08960640
09600640
10240640
00000704
00640704
01280704
01920704
02560704
03200704
03840704
04480704
05120704
05760704
06400704
07040704
07680704
08320704
08960704
09600704
10240704
00000768
00640768
01280768
01920768
02560768
03200768
03840768
04480768
05120768
05760768
06400768
07040768
07680768
08320768
08960768
09600768
10240768
00000832
00640832
01280832
01920832
02560832
03200832
03840832
04480832
05120832
05760832
06400832
07040832
07680832
08320832
08960832
09600832
10240832
00000896
00640896
01280896
01920896
02560896
03200896
03840896
04480896
05120896
05760896
06400896
07040896
07680896
08320896
08960896
09600896
10240896
00000960
00640960
01280960
01920960
02560960
03200960
03840960
04480960
05120960
05760960
06400960
07040960
07680960
08320960
08960960
09600960
10240960
00001024
00641024
01281024
01921024
02561024
03201024
03841024
04481024
05121024
05761024
06401024
07041024
07681024
08321024
08961024
09601024
10241024
