10241024
10240896
10240768
10240640
10240512
10240384
10240256
10240128
10240000
08961024
08960896
08960768
08960640
08960512
08960384
08960256
08960128
08960000
07681024
07680896
07680768
07680640
07680512
07680384
07680256
07680128
07680000
06401024
06400896
06400768
06400640
06400512
06400384
06400256
06400128
06400000
05121024
05120896
05120768
05120640
05120512
05120384
05120256
05120128
05120000
03841024
03840896
03840768
03840640
03840512
03840384
03840256
03840128
03840000
02561024
02560896
02560768
02560640
02560512
02560384
02560256
02560128
02560000
01281024
01280896
01280768
01280640
01280512
01280384
01280256
01280128
01280000
00001024
00000896
00000768
00000640
00000512
00000384
00000256
00000128
00000000
