10241024
09601024
08961024
08321024
07681024
07041024
06401024
05761024
05121024
04481024
03841024
03201024
02561024
01921024
01281024
00641024
00001024
10240960
09600960
08960960
08320960
07680960
07040960
06400960
05760960
05120960
04480960
03840960
03200960
02560960
01920960
01280960
00640960
00000960
10240896
09600896
08960896
08320896
07680896
07040896
06400896
05760896
05120896
04480896
03840896
03200896
02560896
01920896
01280896
00640896
00000896
10240832
09600832
08960832
08320832
07680832
07040832
06400832
05760832
05120832
04480832
03840832
03200832
02560832
01920832
01280832
00640832
00000832
10240768
09600768
08960768
08320768
07680768
07040768
06400768
05760768
05120768
04480768
03840768
03200768
02560768
01920768
01280768
00640768
00000768
10240704
09600704
08960704
08320704
07680704
07040704
06400704
05760704
05120704
04480704
03840704
03200704
02560704
01920704
01280704
00640704
00000704
10240640
09600640
08960640
08320640
07680640
07040640
06400640
05760640
05120640
04480640
03840640
03200640
02560640
01920640
01280640
00640640
00000640
10240576
09600576
08960576
08320576
07680576
07040576
06400576
05760576
05120576
04480576
03840576
03200576
02560576
01920576
01280576
00640576
00000576
10240512
09600512
08960512
08320512
07680512
07040512
06400512
05760512
05120512
04480512
03840512
03200512
02560512
01920512
01280512
00640512
00000512
10240448
09600448
08960448
08320448
07680448
07040448
06400448
05760448
05120448
04480448
03840448
03200448
02560448
01920448
01280448
00640448
00000448
10240384
09600384
08960384
08320384
07680384
07040384
06400384
05760384
05120384
04480384
03840384
03200384
02560384
01920384
01280384
00640384
00000384
10240320
09600320
08960320
08320320
07680320
07040320
06400320
05760320
05120320
04480320
03840320
03200320
02560320
01920320
01280320
00640320
00000320
10240256
09600256
08960256
08320256
07680256
07040256
06400256
05760256
05120256
04480256
03840256
03200256
02560256
01920256
01280256
00640256
00000256
10240192
09600192
08960192
08320192
07680192
07040192
06400192
05760192
05120192
04480192
03840192
03200192
02560192
01920192
01280192
00640192
00000192
10240128
09600128
08960128
08320128
07680128
07040128
06400128
05760128
05120128
04480128
03840128
03200128
02560128
01920128
01280128
00640128
00000128
10240064
09600064
08960064
08320064
07680064
07040064
06400064
05760064
05120064
04480064
03840064
03200064
02560064
01920064
01280064
00640064
00000064
10240000
09600000
08960000
08320000
07680000
07040000
06400000
05760000
05120000
04480000
03840000
03200000
02560000
01920000
01280000
00640000
00000000
