00001024
01281024
02561024
03841024
05121024
06401024
07681024
08961024
10241024
00000896
01280896
02560896
03840896
05120896
06400896
07680896
08960896
10240896
00000768
01280768
02560768
03840768
05120768
06400768
07680768
08960768
10240768
00000640
01280640
02560640
03840640
05120640
06400640
07680640
08960640
10240640
00000512
01280512
02560512
03840512
05120512
06400512
07680512
08960512
10240512
00000384
01280384
02560384
03840384
05120384
06400384
07680384
08960384
10240384
00000256
01280256
02560256
03840256
05120256
06400256
07680256
08960256
10240256
00000128
01280128
02560128
03840128
05120128
06400128
07680128
08960128
10240128
00000000
01280000
02560000
03840000
05120000
06400000
07680000
08960000
10240000
