10240000
08960000
07680000
06400000
05120000
03840000
02560000
01280000
00000000
10240128
08960128
07680128
06400128
05120128
03840128
02560128
01280128
00000128
10240256
08960256
07680256
06400256
05120256
03840256
02560256
01280256
00000256
10240384
08960384
07680384
06400384
05120384
03840384
02560384
01280384
00000384
10240512
08960512
07680512
06400512
05120512
03840512
02560512
01280512
00000512
10240640
08960640
07680640
06400640
05120640
03840640
02560640
01280640
00000640
10240768
08960768
07680768
06400768
05120768
03840768
02560768
01280768
00000768
10240896
08960896
07680896
06400896
05120896
03840896
02560896
01280896
00000896
10241024
08961024
07681024
06401024
05121024
03841024
02561024
01281024
00001024
